[hpfeeds/hpfeeds_settings]
version = 4.3.2
modtime = 1340671753.035963000

[app/install/is_configured]
version = 4.3.2
modtime = 1340671756.887175000
